1 1 1
1 1 0.5
1 1 0.25
1 1 0.125
1 1 0.0625
1 1 0.03125
2 1 0.015625
3 1 0.0078125
3 1 0.00390625
4 1 0.00195312
5 2 0.000976562
5 2 0.000488281
6 2 0.000244141
7 2 0.00012207
7 2 6.10352e-05
8 2 3.05176e-05
9 2 1.52588e-05
9 2 7.62939e-06
10 2 3.8147e-06
11 3 1.90735e-06
11 3 9.53674e-07
12 3 4.76837e-07
13 3 2.38419e-07
13 3 1.19209e-07
14 3 5.96046e-08
15 3 2.98023e-08
15 3 1.49012e-08
16 3 7.45058e-09
17 3 3.72529e-09
17 3 1.86265e-09
18 3 9.31323e-10
19 3 4.65661e-10
19 3 2.32831e-10
20 3 1.16415e-10
21 3 5.82077e-11
21 3 2.91038e-11
22 3 1.45519e-11
22 4 7.27596e-12
23 4 3.63798e-12
24 4 1.81899e-12
